1 1 1 -64.4644
1 2 2 -11.1319
1 3 3 -84.8564
1 4 4 3.81556
2 5 1 -40.0918
2 6 2 2.75928
2 7 3 -56.4762
2 8 4 3.81556
3 9 1 -36.9801
3 10 2 4.5328
3 11 3 -52.8528
3 12 4 3.81556
4 13 1 -29.2367
4 14 2 8.94614
4 15 3 -43.8361
4 16 4 3.81556
5 17 1 -24.1161
5 18 2 11.8646
5 19 3 -37.8735
5 20 4 3.81556
6 21 1 -3.70546
6 22 2 23.4976
6 23 3 -14.1067
6 24 4 3.81556
7 25 1 14.1103
7 26 2 33.6517
7 27 3 6.63857
7 28 4 3.81556
8 29 1 18.7287
8 30 2 36.284
8 31 3 12.0164
8 32 4 3.81556
9 33 1 32.6662
9 34 2 44.2276
9 35 3 28.2457
9 36 4 3.81556
10 37 1 59.55
10 38 2 59.55
10 39 3 59.55
10 40 4 3.81556
